Date (MM/DD/YYYY),Departure delay (Minutes),Delay Carrier (Minutes),Delay Weather (Minutes),Delay National Aviation System (Minutes),Delay Security (Minutes),Delay Late Aircraft Arrival (Minutes),Date
1/1/2017,388.0,490.0,0.0,53.0,0.0,0.0,2017-01-01
1/1/2018,1517.0,873.0,0.0,314.0,0.0,241.0,2018-01-01
1/1/2019,-6.0,36.0,0.0,76.0,0.0,140.0,2019-01-01
1/10/2017,1073.0,242.0,0.0,441.0,0.0,482.0,2017-01-10
1/10/2018,1008.0,843.0,0.0,90.0,0.0,330.0,2018-01-10
1/10/2019,1676.0,58.0,0.0,73.0,0.0,1279.0,2019-01-10
1/11/2017,-9.0,55.0,0.0,86.0,0.0,40.0,2017-01-11
1/11/2018,-81.0,14.0,15.0,23.0,0.0,25.0,2018-01-11
1/11/2019,772.0,255.0,0.0,170.0,0.0,448.0,2019-01-11
1/12/2017,98.0,51.0,0.0,46.0,0.0,150.0,2017-01-12
1/12/2018,1108.0,83.0,33.0,255.0,0.0,688.0,2018-01-12
1/12/2019,-74.0,0.0,0.0,2.0,0.0,55.0,2019-01-12
1/13/2017,545.0,77.0,0.0,390.0,0.0,617.0,2017-01-13
1/13/2018,168.0,195.0,0.0,54.0,0.0,49.0,2018-01-13
1/13/2019,307.0,7.0,5.0,98.0,0.0,391.0,2019-01-13
1/14/2017,-38.0,59.0,0.0,17.0,0.0,17.0,2017-01-14
1/14/2018,-58.0,39.0,0.0,0.0,0.0,56.0,2018-01-14
1/14/2019,482.0,372.0,0.0,106.0,0.0,306.0,2019-01-14
1/15/2017,-158.0,0.0,0.0,16.0,0.0,0.0,2017-01-15
1/15/2018,157.0,0.0,116.0,101.0,0.0,73.0,2018-01-15
1/15/2019,334.0,284.0,0.0,288.0,0.0,175.0,2019-01-15
1/16/2017,-53.0,12.0,0.0,20.0,0.0,135.0,2017-01-16
1/16/2018,264.0,219.0,0.0,28.0,0.0,227.0,2018-01-16
1/16/2019,-185.0,39.0,0.0,24.0,0.0,25.0,2019-01-16
1/17/2017,102.0,153.0,0.0,80.0,0.0,87.0,2017-01-17
1/17/2018,1682.0,322.0,36.0,699.0,0.0,1338.0,2018-01-17
1/17/2019,431.0,123.0,0.0,486.0,0.0,420.0,2019-01-17
1/18/2017,291.0,192.0,81.0,129.0,0.0,87.0,2017-01-18
1/18/2018,377.0,125.0,0.0,22.0,0.0,148.0,2018-01-18
1/18/2019,1073.0,27.0,228.0,1281.0,0.0,693.0,2019-01-18
1/19/2017,890.0,10.0,0.0,405.0,0.0,688.0,2017-01-19
1/19/2018,-222.0,0.0,0.0,0.0,0.0,26.0,2018-01-19
1/19/2019,-23.0,0.0,103.0,165.0,0.0,0.0,2019-01-19
1/2/2017,158.0,38.0,0.0,206.0,0.0,174.0,2017-01-02
1/2/2018,1029.0,232.0,20.0,55.0,0.0,333.0,2018-01-02
1/2/2019,102.0,115.0,0.0,308.0,0.0,101.0,2019-01-02
1/20/2017,-93.0,158.0,0.0,0.0,0.0,0.0,2017-01-20
1/20/2018,244.0,109.0,0.0,47.0,0.0,238.0,2018-01-20
1/20/2019,34.0,129.0,0.0,199.0,0.0,0.0,2019-01-20
1/21/2017,-131.0,0.0,0.0,0.0,0.0,39.0,2017-01-21
1/21/2018,-79.0,0.0,0.0,0.0,0.0,122.0,2018-01-21
1/21/2019,890.0,57.0,520.0,203.0,0.0,221.0,2019-01-21
1/22/2017,361.0,54.0,70.0,130.0,0.0,271.0,2017-01-22
1/22/2018,-56.0,108.0,0.0,117.0,0.0,38.0,2018-01-22
1/22/2019,1476.0,258.0,706.0,301.0,0.0,434.0,2019-01-22
1/23/2017,687.0,51.0,27.0,426.0,0.0,616.0,2017-01-23
1/23/2018,224.0,116.0,0.0,76.0,0.0,195.0,2018-01-23
1/23/2019,1422.0,259.0,141.0,539.0,0.0,814.0,2019-01-23
1/24/2017,562.0,95.0,11.0,188.0,0.0,376.0,2017-01-24
1/24/2018,-220.0,16.0,0.0,57.0,0.0,6.0,2018-01-24
1/24/2019,3120.0,450.0,72.0,449.0,0.0,2545.0,2019-01-24
1/25/2017,-32.0,98.0,0.0,127.0,0.0,99.0,2017-01-25
1/25/2018,-24.0,223.0,0.0,35.0,0.0,0.0,2018-01-25
1/25/2019,958.0,112.0,0.0,318.0,0.0,708.0,2019-01-25
1/26/2017,27.0,28.0,0.0,32.0,0.0,118.0,2017-01-26
1/26/2018,-288.0,63.0,0.0,0.0,0.0,4.0,2018-01-26
1/26/2019,-202.0,19.0,0.0,64.0,0.0,0.0,2019-01-26
1/27/2017,-52.0,160.0,0.0,39.0,0.0,37.0,2017-01-27
1/27/2018,-275.0,0.0,0.0,25.0,0.0,0.0,2018-01-27
1/27/2019,197.0,89.0,0.0,258.0,0.0,267.0,2019-01-27
1/28/2017,-153.0,0.0,0.0,0.0,0.0,0.0,2017-01-28
1/28/2018,-10.0,74.0,0.0,29.0,0.0,43.0,2018-01-28
1/28/2019,455.0,223.0,211.0,492.0,0.0,258.0,2019-01-28
1/29/2017,147.0,236.0,0.0,23.0,0.0,3.0,2017-01-29
1/29/2018,-155.0,107.0,0.0,34.0,0.0,20.0,2018-01-29
1/29/2019,-44.0,242.0,0.0,42.0,0.0,0.0,2019-01-29
1/3/2017,-27.0,34.0,0.0,111.0,0.0,59.0,2017-01-03
1/3/2018,556.0,154.0,0.0,71.0,0.0,216.0,2018-01-03
1/3/2019,-57.0,6.0,0.0,38.0,0.0,61.0,2019-01-03
1/30/2017,120.0,127.0,0.0,39.0,0.0,106.0,2017-01-30
1/30/2018,1740.0,7.0,418.0,1178.0,0.0,1314.0,2018-01-30
1/30/2019,521.0,31.0,85.0,512.0,0.0,623.0,2019-01-30
1/31/2017,442.0,12.0,7.0,221.0,0.0,602.0,2017-01-31
1/31/2018,-112.0,62.0,25.0,7.0,0.0,78.0,2018-01-31
1/31/2019,1399.0,946.0,85.0,177.0,0.0,295.0,2019-01-31
1/4/2017,485.0,215.0,0.0,80.0,24.0,214.0,2017-01-04
1/4/2018,0.0,0.0,0.0,0.0,0.0,0.0,2018-01-04
1/4/2019,278.0,91.0,0.0,0.0,0.0,173.0,2019-01-04
1/5/2017,-105.0,36.0,0.0,35.0,0.0,32.0,2017-01-05
1/5/2018,816.0,117.0,21.0,71.0,0.0,336.0,2018-01-05
1/5/2019,-66.0,24.0,0.0,61.0,0.0,0.0,2019-01-05
1/6/2017,543.0,264.0,118.0,827.0,0.0,198.0,2017-01-06
1/6/2018,1319.0,372.0,247.0,194.0,0.0,299.0,2018-01-06
1/6/2019,30.0,11.0,0.0,174.0,0.0,138.0,2019-01-06
1/7/2017,112.0,136.0,46.0,281.0,0.0,0.0,2017-01-07
1/7/2018,1442.0,430.0,158.0,65.0,0.0,387.0,2018-01-07
1/7/2019,-174.0,16.0,0.0,323.0,0.0,140.0,2019-01-07
1/8/2017,896.0,231.0,40.0,67.0,0.0,447.0,2017-01-08
1/8/2018,1228.0,420.0,10.0,149.0,0.0,408.0,2018-01-08
1/8/2019,578.0,0.0,0.0,16.0,816.0,39.0,2019-01-08
1/9/2017,541.0,172.0,0.0,29.0,0.0,157.0,2017-01-09
1/9/2018,490.0,239.0,0.0,21.0,0.0,307.0,2018-01-09
1/9/2019,132.0,113.0,0.0,72.0,0.0,222.0,2019-01-09
10/1/2017,-125.0,31.0,0.0,26.0,0.0,68.0,2017-10-01
10/1/2018,38.0,158.0,12.0,85.0,0.0,99.0,2018-10-01
10/10/2017,638.0,234.0,0.0,182.0,0.0,499.0,2017-10-10
10/10/2018,8.0,83.0,0.0,0.0,0.0,129.0,2018-10-10
10/11/2017,-362.0,0.0,0.0,79.0,0.0,0.0,2017-10-11
10/11/2018,3083.0,590.0,76.0,745.0,0.0,2180.0,2018-10-11
10/12/2017,-170.0,26.0,0.0,252.0,0.0,94.0,2017-10-12
10/12/2018,1145.0,340.0,0.0,436.0,0.0,706.0,2018-10-12
10/13/2017,-270.0,16.0,0.0,14.0,0.0,21.0,2017-10-13
10/13/2018,610.0,127.0,0.0,278.0,0.0,524.0,2018-10-13
10/14/2017,464.0,77.0,284.0,333.0,0.0,147.0,2017-10-14
10/14/2018,1296.0,583.0,0.0,121.0,0.0,830.0,2018-10-14
10/15/2017,-45.0,5.0,0.0,13.0,0.0,104.0,2017-10-15
10/15/2018,316.0,380.0,0.0,252.0,0.0,143.0,2018-10-15
10/16/2017,374.0,65.0,0.0,215.0,0.0,419.0,2017-10-16
10/16/2018,342.0,134.0,0.0,301.0,0.0,470.0,2018-10-16
10/17/2017,-37.0,58.0,0.0,250.0,0.0,93.0,2017-10-17
10/17/2018,-297.0,53.0,0.0,159.0,0.0,53.0,2018-10-17
10/18/2017,-173.0,0.0,0.0,0.0,0.0,18.0,2017-10-18
10/18/2018,1247.0,810.0,0.0,293.0,0.0,367.0,2018-10-18
10/19/2017,-160.0,0.0,0.0,1.0,0.0,16.0,2017-10-19
10/19/2018,1013.0,416.0,0.0,90.0,0.0,574.0,2018-10-19
10/2/2017,394.0,45.0,0.0,29.0,0.0,426.0,2017-10-02
10/2/2018,642.0,500.0,0.0,457.0,0.0,324.0,2018-10-02
10/20/2017,132.0,217.0,0.0,270.0,0.0,127.0,2017-10-20
10/20/2018,229.0,218.0,0.0,98.0,0.0,144.0,2018-10-20
10/21/2017,-76.0,48.0,0.0,48.0,0.0,0.0,2017-10-21
10/21/2018,684.0,39.0,0.0,3.0,0.0,571.0,2018-10-21
10/22/2017,-65.0,0.0,38.0,119.0,0.0,3.0,2017-10-22
10/22/2018,95.0,89.0,0.0,59.0,0.0,190.0,2018-10-22
10/23/2017,526.0,269.0,28.0,279.0,0.0,297.0,2017-10-23
10/23/2018,411.0,233.0,0.0,414.0,0.0,280.0,2018-10-23
10/24/2017,4812.0,180.0,520.0,1096.0,0.0,3946.0,2017-10-24
10/24/2018,-290.0,0.0,0.0,24.0,0.0,0.0,2018-10-24
10/25/2017,-79.0,39.0,0.0,62.0,0.0,61.0,2017-10-25
10/25/2018,353.0,102.0,0.0,260.0,0.0,177.0,2018-10-25
10/26/2017,566.0,217.0,0.0,120.0,0.0,382.0,2017-10-26
10/26/2018,281.0,474.0,0.0,102.0,0.0,0.0,2018-10-26
10/27/2017,490.0,259.0,0.0,23.0,0.0,319.0,2017-10-27
10/27/2018,-83.0,20.0,0.0,88.0,0.0,62.0,2018-10-27
10/28/2017,-199.0,0.0,0.0,43.0,0.0,0.0,2017-10-28
10/28/2018,164.0,34.0,0.0,0.0,0.0,90.0,2018-10-28
10/29/2017,1050.0,177.0,2.0,430.0,0.0,735.0,2017-10-29
10/29/2018,965.0,358.0,0.0,0.0,0.0,586.0,2018-10-29
10/3/2017,89.0,211.0,0.0,67.0,0.0,37.0,2017-10-03
10/3/2018,131.0,81.0,0.0,97.0,0.0,210.0,2018-10-03
10/30/2017,1521.0,192.0,25.0,54.0,0.0,1048.0,2017-10-30
10/30/2018,26.0,2.0,0.0,47.0,0.0,211.0,2018-10-30
10/31/2017,-261.0,0.0,0.0,21.0,0.0,70.0,2017-10-31
10/31/2018,209.0,19.0,0.0,100.0,0.0,299.0,2018-10-31
10/4/2017,-228.0,0.0,0.0,50.0,0.0,50.0,2017-10-04
10/4/2018,262.0,2.0,0.0,243.0,0.0,313.0,2018-10-04
10/5/2017,299.0,22.0,0.0,54.0,0.0,201.0,2017-10-05
10/5/2018,179.0,115.0,0.0,193.0,0.0,170.0,2018-10-05
10/6/2017,185.0,0.0,103.0,118.0,0.0,243.0,2017-10-06
10/6/2018,-46.0,0.0,0.0,234.0,0.0,56.0,2018-10-06
10/7/2017,-150.0,10.0,0.0,53.0,0.0,13.0,2017-10-07
10/7/2018,167.0,0.0,0.0,22.0,0.0,244.0,2018-10-07
10/8/2017,517.0,73.0,6.0,46.0,0.0,392.0,2017-10-08
10/8/2018,1566.0,280.0,7.0,121.0,0.0,791.0,2018-10-08
10/9/2017,1618.0,29.0,106.0,618.0,0.0,1188.0,2017-10-09
10/9/2018,1202.0,432.0,0.0,56.0,0.0,741.0,2018-10-09
11/1/2017,86.0,235.0,0.0,109.0,0.0,25.0,2017-11-01
11/1/2018,-139.0,0.0,0.0,48.0,0.0,106.0,2018-11-01
11/10/2017,1576.0,261.0,208.0,185.0,0.0,1083.0,2017-11-10
11/10/2018,87.0,22.0,0.0,18.0,0.0,123.0,2018-11-10
11/11/2017,-71.0,17.0,0.0,0.0,0.0,24.0,2017-11-11
11/11/2018,-115.0,112.0,0.0,0.0,0.0,0.0,2018-11-11
11/12/2017,-7.0,104.0,0.0,16.0,0.0,0.0,2017-11-12
11/12/2018,610.0,691.0,0.0,106.0,0.0,61.0,2018-11-12
11/13/2017,172.0,146.0,0.0,271.0,0.0,90.0,2017-11-13
11/13/2018,1833.0,127.0,3.0,799.0,0.0,1801.0,2018-11-13
11/14/2017,-122.0,88.0,0.0,0.0,0.0,34.0,2017-11-14
11/14/2018,316.0,165.0,0.0,431.0,0.0,405.0,2018-11-14
11/15/2017,-152.0,0.0,0.0,39.0,0.0,0.0,2017-11-15
11/15/2018,4828.0,29.0,2567.0,1294.0,0.0,2184.0,2018-11-15
11/16/2017,46.0,0.0,42.0,50.0,0.0,40.0,2017-11-16
11/16/2018,2948.0,636.0,193.0,237.0,0.0,1812.0,2018-11-16
11/17/2017,-23.0,26.0,0.0,78.0,0.0,36.0,2017-11-17
11/17/2018,708.0,39.0,0.0,0.0,0.0,708.0,2018-11-17
11/18/2017,-126.0,0.0,0.0,0.0,0.0,0.0,2017-11-18
11/18/2018,16.0,92.0,0.0,15.0,0.0,54.0,2018-11-18
11/19/2017,809.0,461.0,0.0,189.0,0.0,322.0,2017-11-19
11/19/2018,-194.0,76.0,0.0,3.0,0.0,0.0,2018-11-19
11/2/2017,-55.0,20.0,0.0,152.0,0.0,53.0,2017-11-02
11/2/2018,55.0,28.0,0.0,251.0,0.0,232.0,2018-11-02
11/20/2017,33.0,9.0,0.0,77.0,0.0,60.0,2017-11-20
11/20/2018,880.0,173.0,0.0,65.0,0.0,739.0,2018-11-20
11/21/2017,-18.0,58.0,0.0,42.0,0.0,75.0,2017-11-21
11/21/2018,284.0,277.0,0.0,79.0,0.0,176.0,2018-11-21
11/22/2017,-12.0,0.0,0.0,7.0,0.0,165.0,2017-11-22
11/22/2018,100.0,79.0,0.0,0.0,0.0,32.0,2018-11-22
11/23/2017,-20.0,88.0,0.0,27.0,0.0,0.0,2017-11-23
11/23/2018,-189.0,0.0,0.0,0.0,0.0,0.0,2018-11-23
11/24/2017,-118.0,0.0,0.0,0.0,0.0,0.0,2017-11-24
11/24/2018,-167.0,0.0,0.0,38.0,0.0,0.0,2018-11-24
11/25/2017,77.0,109.0,0.0,28.0,0.0,17.0,2017-11-25
11/25/2018,431.0,293.0,4.0,96.0,0.0,270.0,2018-11-25
11/26/2017,90.0,52.0,0.0,75.0,0.0,113.0,2017-11-26
11/26/2018,2443.0,968.0,21.0,1619.0,0.0,536.0,2018-11-26
11/27/2017,77.0,7.0,0.0,18.0,0.0,102.0,2017-11-27
11/27/2018,881.0,279.0,0.0,283.0,0.0,500.0,2018-11-27
11/28/2017,22.0,42.0,0.0,0.0,0.0,48.0,2017-11-28
11/28/2018,783.0,91.0,0.0,64.0,0.0,661.0,2018-11-28
11/29/2017,-313.0,0.0,0.0,0.0,0.0,0.0,2017-11-29
11/29/2018,747.0,198.0,0.0,60.0,0.0,566.0,2018-11-29
11/3/2017,-156.0,8.0,0.0,24.0,0.0,115.0,2017-11-03
11/3/2018,-255.0,0.0,0.0,79.0,0.0,0.0,2018-11-03
11/30/2017,-176.0,2.0,0.0,0.0,0.0,72.0,2017-11-30
11/30/2018,245.0,420.0,0.0,101.0,0.0,4.0,2018-11-30
11/4/2017,-155.0,0.0,0.0,56.0,0.0,0.0,2017-11-04
11/4/2018,225.0,1.0,0.0,100.0,0.0,213.0,2018-11-04
11/5/2017,890.0,127.0,6.0,46.0,0.0,540.0,2017-11-05
11/5/2018,859.0,591.0,0.0,395.0,0.0,70.0,2018-11-05
11/6/2017,467.0,169.0,0.0,107.0,0.0,412.0,2017-11-06
11/6/2018,1072.0,714.0,0.0,263.0,0.0,535.0,2018-11-06
11/7/2017,-29.0,34.0,0.0,16.0,0.0,142.0,2017-11-07
11/7/2018,397.0,81.0,0.0,142.0,0.0,424.0,2018-11-07
11/8/2017,-45.0,62.0,0.0,43.0,0.0,57.0,2017-11-08
11/8/2018,-94.0,10.0,77.0,234.0,0.0,57.0,2018-11-08
11/9/2017,376.0,320.0,0.0,37.0,0.0,51.0,2017-11-09
11/9/2018,281.0,54.0,0.0,219.0,0.0,369.0,2018-11-09
12/1/2017,207.0,212.0,0.0,88.0,0.0,20.0,2017-12-01
12/1/2018,-271.0,0.0,0.0,152.0,0.0,0.0,2018-12-01
12/10/2017,834.0,296.0,86.0,130.0,0.0,294.0,2017-12-10
12/10/2018,227.0,27.0,0.0,80.0,0.0,287.0,2018-12-10
12/11/2017,487.0,53.0,0.0,125.0,0.0,330.0,2017-12-11
12/11/2018,-291.0,2.0,0.0,63.0,0.0,24.0,2018-12-11
12/12/2017,30.0,214.0,0.0,17.0,0.0,26.0,2017-12-12
12/12/2018,1165.0,1174.0,0.0,134.0,0.0,164.0,2018-12-12
12/13/2017,1990.0,360.0,128.0,334.0,0.0,1222.0,2017-12-13
12/13/2018,824.0,480.0,11.0,999.0,0.0,466.0,2018-12-13
12/14/2017,5004.0,0.0,1933.0,1300.0,0.0,2813.0,2017-12-14
12/14/2018,-98.0,45.0,0.0,76.0,0.0,5.0,2018-12-14
12/15/2017,3539.0,974.0,566.0,822.0,0.0,1723.0,2017-12-15
12/15/2018,-108.0,0.0,0.0,63.0,0.0,47.0,2018-12-15
12/16/2017,440.0,152.0,43.0,118.0,0.0,85.0,2017-12-16
12/16/2018,98.0,0.0,0.0,46.0,0.0,201.0,2018-12-16
12/17/2017,264.0,209.0,0.0,47.0,0.0,44.0,2017-12-17
12/17/2018,508.0,0.0,0.0,118.0,0.0,507.0,2018-12-17
12/18/2017,414.0,380.0,0.0,110.0,0.0,74.0,2017-12-18
12/18/2018,49.0,3.0,0.0,8.0,0.0,21.0,2018-12-18
12/19/2017,26.0,24.0,0.0,64.0,0.0,62.0,2017-12-19
12/19/2018,607.0,352.0,0.0,27.0,0.0,194.0,2018-12-19
12/2/2017,-82.0,0.0,0.0,0.0,0.0,35.0,2017-12-02
12/2/2018,1198.0,509.0,32.0,344.0,0.0,653.0,2018-12-02
12/20/2017,1375.0,582.0,0.0,707.0,0.0,729.0,2017-12-20
12/20/2018,374.0,89.0,0.0,444.0,0.0,200.0,2018-12-20
12/21/2017,1026.0,810.0,0.0,252.0,0.0,173.0,2017-12-21
12/21/2018,3765.0,190.0,406.0,970.0,0.0,2582.0,2018-12-21
12/22/2017,1203.0,507.0,0.0,299.0,0.0,500.0,2017-12-22
12/22/2018,458.0,78.0,0.0,68.0,0.0,281.0,2018-12-22
12/23/2017,113.0,128.0,0.0,15.0,0.0,14.0,2017-12-23
12/23/2018,-15.0,83.0,0.0,78.0,0.0,20.0,2018-12-23
12/24/2017,386.0,217.0,0.0,189.0,0.0,159.0,2017-12-24
12/24/2018,-67.0,0.0,0.0,0.0,0.0,48.0,2018-12-24
12/25/2017,356.0,233.0,19.0,274.0,0.0,103.0,2017-12-25
12/25/2018,-114.0,0.0,0.0,0.0,0.0,0.0,2018-12-25
12/26/2017,-45.0,29.0,0.0,159.0,0.0,0.0,2017-12-26
12/26/2018,135.0,56.0,0.0,260.0,0.0,84.0,2018-12-26
12/27/2017,426.0,346.0,4.0,57.0,0.0,0.0,2017-12-27
12/27/2018,149.0,46.0,0.0,46.0,0.0,161.0,2018-12-27
12/28/2017,217.0,135.0,0.0,120.0,0.0,71.0,2017-12-28
12/28/2018,423.0,81.0,3.0,122.0,0.0,357.0,2018-12-28
12/29/2017,376.0,11.0,6.0,112.0,0.0,293.0,2017-12-29
12/29/2018,-120.0,39.0,0.0,34.0,0.0,0.0,2018-12-29
12/3/2017,-210.0,0.0,0.0,0.0,0.0,0.0,2017-12-03
12/3/2018,-116.0,72.0,0.0,197.0,0.0,56.0,2018-12-03
12/30/2017,294.0,18.0,154.0,402.0,0.0,162.0,2017-12-30
12/30/2018,448.0,380.0,0.0,133.0,0.0,77.0,2018-12-30
12/31/2017,123.0,0.0,1.0,110.0,0.0,137.0,2017-12-31
12/31/2018,278.0,0.0,0.0,0.0,0.0,365.0,2018-12-31
12/4/2017,547.0,53.0,0.0,763.0,0.0,51.0,2017-12-04
12/4/2018,332.0,167.0,0.0,115.0,0.0,333.0,2018-12-04
12/5/2017,1162.0,21.0,10.0,181.0,0.0,1222.0,2017-12-05
12/5/2018,17.0,108.0,0.0,146.0,0.0,125.0,2018-12-05
12/6/2017,86.0,4.0,0.0,15.0,0.0,251.0,2017-12-06
12/6/2018,-33.0,64.0,0.0,46.0,0.0,55.0,2018-12-06
12/7/2017,99.0,138.0,0.0,46.0,0.0,62.0,2017-12-07
12/7/2018,62.0,67.0,0.0,156.0,0.0,183.0,2018-12-07
12/8/2017,-128.0,108.0,0.0,290.0,0.0,18.0,2017-12-08
12/8/2018,-71.0,51.0,0.0,0.0,0.0,50.0,2018-12-08
12/9/2017,1419.0,453.0,425.0,839.0,0.0,559.0,2017-12-09
12/9/2018,-82.0,0.0,0.0,94.0,0.0,28.0,2018-12-09
2/1/2017,-383.0,0.0,0.0,0.0,0.0,0.0,2017-02-01
2/1/2018,-217.0,27.0,0.0,49.0,0.0,35.0,2018-02-01
2/1/2019,304.0,170.0,0.0,227.0,0.0,199.0,2019-02-01
2/10/2017,886.0,426.0,0.0,19.0,0.0,45.0,2017-02-10
2/10/2018,-118.0,0.0,0.0,27.0,0.0,21.0,2018-02-10
2/10/2019,472.0,439.0,24.0,227.0,0.0,25.0,2019-02-10
2/11/2017,-71.0,0.0,0.0,0.0,0.0,0.0,2017-02-11
2/11/2018,1708.0,315.0,31.0,127.0,0.0,1174.0,2018-02-11
2/11/2019,55.0,27.0,56.0,503.0,0.0,198.0,2019-02-11
2/12/2017,503.0,76.0,148.0,451.0,0.0,276.0,2017-02-12
2/12/2018,121.0,82.0,0.0,78.0,0.0,230.0,2018-02-12
2/12/2019,1875.0,1310.0,267.0,696.0,0.0,336.0,2019-02-12
2/13/2017,1507.0,370.0,11.0,154.0,0.0,941.0,2017-02-13
2/13/2018,-138.0,23.0,0.0,4.0,0.0,95.0,2018-02-13
2/13/2019,201.0,135.0,0.0,168.0,0.0,123.0,2019-02-13
2/14/2017,-383.0,0.0,0.0,18.0,0.0,0.0,2017-02-14
2/14/2018,71.0,0.0,0.0,0.0,0.0,245.0,2018-02-14
2/14/2019,-85.0,50.0,0.0,9.0,0.0,37.0,2019-02-14
2/15/2017,-165.0,13.0,30.0,41.0,0.0,36.0,2017-02-15
2/15/2018,18.0,137.0,0.0,261.0,0.0,26.0,2018-02-15
2/15/2019,349.0,65.0,0.0,117.0,0.0,327.0,2019-02-15
2/16/2017,680.0,81.0,0.0,360.0,0.0,442.0,2017-02-16
2/16/2018,568.0,341.0,0.0,369.0,0.0,358.0,2018-02-16
2/16/2019,-95.0,14.0,0.0,48.0,0.0,0.0,2019-02-16
2/17/2017,807.0,17.0,59.0,61.0,0.0,721.0,2017-02-17
2/17/2018,960.0,87.0,910.0,42.0,0.0,13.0,2018-02-17
2/17/2019,799.0,290.0,260.0,548.0,0.0,406.0,2019-02-17
2/18/2017,74.0,60.0,0.0,102.0,0.0,0.0,2017-02-18
2/18/2018,1417.0,153.0,32.0,18.0,0.0,1035.0,2018-02-18
2/18/2019,1014.0,560.0,0.0,646.0,0.0,555.0,2019-02-18
2/19/2017,354.0,2.0,0.0,0.0,0.0,279.0,2017-02-19
2/19/2018,363.0,391.0,0.0,6.0,0.0,82.0,2018-02-19
2/19/2019,174.0,219.0,1.0,481.0,0.0,160.0,2019-02-19
2/2/2017,-257.0,92.0,0.0,125.0,0.0,6.0,2017-02-02
2/2/2018,1876.0,647.0,33.0,422.0,0.0,1080.0,2018-02-02
2/2/2019,382.0,321.0,0.0,2.0,0.0,89.0,2019-02-02
2/20/2017,-130.0,0.0,0.0,16.0,0.0,40.0,2017-02-20
2/20/2018,8.0,0.0,0.0,384.0,0.0,71.0,2018-02-20
2/20/2019,1329.0,504.0,527.0,1153.0,0.0,362.0,2019-02-20
2/21/2017,-174.0,0.0,0.0,0.0,0.0,0.0,2017-02-21
2/21/2018,-251.0,0.0,0.0,0.0,0.0,28.0,2018-02-21
2/21/2019,323.0,274.0,29.0,208.0,0.0,121.0,2019-02-21
2/22/2017,-127.0,103.0,0.0,50.0,0.0,0.0,2017-02-22
2/22/2018,257.0,118.0,0.0,102.0,0.0,165.0,2018-02-22
2/22/2019,476.0,114.0,0.0,463.0,0.0,449.0,2019-02-22
2/23/2017,56.0,163.0,0.0,0.0,0.0,0.0,2017-02-23
2/23/2018,414.0,185.0,3.0,126.0,0.0,208.0,2018-02-23
2/23/2019,-147.0,12.0,0.0,300.0,0.0,26.0,2019-02-23
2/24/2017,-273.0,0.0,0.0,20.0,0.0,0.0,2017-02-24
2/24/2018,481.0,389.0,149.0,72.0,0.0,88.0,2018-02-24
2/24/2019,568.0,346.0,0.0,126.0,0.0,328.0,2019-02-24
2/25/2017,574.0,0.0,365.0,172.0,0.0,253.0,2017-02-25
2/25/2018,-64.0,70.0,0.0,36.0,0.0,14.0,2018-02-25
2/25/2019,1714.0,729.0,0.0,687.0,0.0,905.0,2019-02-25
2/26/2017,76.0,159.0,0.0,8.0,0.0,0.0,2017-02-26
2/26/2018,-288.0,22.0,0.0,0.0,0.0,34.0,2018-02-26
2/26/2019,238.0,204.0,0.0,195.0,0.0,303.0,2019-02-26
2/27/2017,-282.0,69.0,0.0,0.0,0.0,0.0,2017-02-27
2/27/2018,-144.0,128.0,0.0,109.0,0.0,1.0,2018-02-27
2/27/2019,-222.0,91.0,0.0,23.0,0.0,45.0,2019-02-27
2/28/2017,728.0,152.0,9.0,468.0,0.0,348.0,2017-02-28
2/28/2018,542.0,51.0,0.0,63.0,0.0,757.0,2018-02-28
2/28/2019,1500.0,66.0,804.0,957.0,0.0,633.0,2019-02-28
2/3/2017,-152.0,85.0,0.0,48.0,0.0,39.0,2017-02-03
2/3/2018,-46.0,0.0,0.0,0.0,0.0,0.0,2018-02-03
2/3/2019,102.0,40.0,8.0,9.0,0.0,112.0,2019-02-03
2/4/2017,-184.0,0.0,0.0,0.0,0.0,0.0,2017-02-04
2/4/2018,879.0,207.0,213.0,91.0,0.0,468.0,2018-02-04
2/4/2019,-92.0,35.0,0.0,0.0,0.0,121.0,2019-02-04
2/5/2017,-241.0,0.0,0.0,0.0,0.0,0.0,2017-02-05
2/5/2018,399.0,189.0,75.0,118.0,0.0,193.0,2018-02-05
2/5/2019,20.0,14.0,266.0,214.0,0.0,77.0,2019-02-05
2/6/2017,-89.0,52.0,0.0,0.0,0.0,23.0,2017-02-06
2/6/2018,-72.0,98.0,0.0,120.0,0.0,20.0,2018-02-06
2/6/2019,266.0,342.0,0.0,54.0,0.0,178.0,2019-02-06
2/7/2017,-62.0,245.0,0.0,179.0,0.0,58.0,2017-02-07
2/7/2018,1253.0,177.0,92.0,893.0,0.0,931.0,2018-02-07
2/7/2019,20.0,53.0,0.0,487.0,0.0,137.0,2019-02-07
2/8/2017,588.0,265.0,0.0,93.0,0.0,295.0,2017-02-08
2/8/2018,73.0,154.0,0.0,1.0,0.0,99.0,2018-02-08
2/8/2019,951.0,103.0,0.0,304.0,0.0,907.0,2019-02-08
2/9/2017,2031.0,687.0,49.0,0.0,0.0,970.0,2017-02-09
2/9/2018,1182.0,133.0,471.0,119.0,0.0,544.0,2018-02-09
2/9/2019,90.0,162.0,0.0,0.0,0.0,84.0,2019-02-09
3/1/2017,784.0,139.0,12.0,406.0,0.0,521.0,2017-03-01
3/1/2018,-80.0,39.0,4.0,217.0,0.0,49.0,2018-03-01
3/1/2019,1865.0,821.0,213.0,1140.0,0.0,714.0,2019-03-01
3/10/2017,2125.0,101.0,97.0,274.0,0.0,1683.0,2017-03-10
3/10/2018,-101.0,0.0,0.0,23.0,0.0,48.0,2018-03-10
3/10/2019,1581.0,233.0,0.0,374.0,0.0,1255.0,2019-03-10
3/11/2017,-89.0,0.0,0.0,0.0,0.0,0.0,2017-03-11
3/11/2018,604.0,336.0,0.0,40.0,0.0,231.0,2018-03-11
3/11/2019,192.0,361.0,0.0,64.0,0.0,66.0,2019-03-11
3/12/2017,1047.0,125.0,250.0,86.0,0.0,477.0,2017-03-12
3/12/2018,724.0,237.0,0.0,257.0,0.0,407.0,2018-03-12
3/12/2019,289.0,290.0,0.0,103.0,0.0,221.0,2019-03-12
3/13/2017,373.0,285.0,0.0,438.0,0.0,100.0,2017-03-13
3/13/2018,427.0,286.0,19.0,312.0,0.0,111.0,2018-03-13
3/13/2019,411.0,69.0,24.0,385.0,0.0,464.0,2019-03-13
3/14/2017,0.0,0.0,0.0,0.0,0.0,0.0,2017-03-14
3/14/2018,237.0,0.0,4.0,11.0,0.0,60.0,2018-03-14
3/14/2019,1261.0,159.0,13.0,410.0,0.0,1027.0,2019-03-14
3/15/2017,1097.0,330.0,40.0,114.0,0.0,554.0,2017-03-15
3/15/2018,494.0,8.0,0.0,0.0,0.0,316.0,2018-03-15
3/15/2019,782.0,132.0,0.0,534.0,0.0,761.0,2019-03-15
3/16/2017,669.0,34.0,0.0,0.0,0.0,308.0,2017-03-16
3/16/2018,696.0,16.0,0.0,371.0,0.0,566.0,2018-03-16
3/16/2019,584.0,116.0,0.0,37.0,0.0,558.0,2019-03-16
3/17/2017,-128.0,0.0,0.0,15.0,0.0,36.0,2017-03-17
3/17/2018,-73.0,0.0,0.0,0.0,0.0,0.0,2018-03-17
3/17/2019,156.0,243.0,0.0,15.0,0.0,56.0,2019-03-17
3/18/2017,351.0,371.0,0.0,45.0,0.0,6.0,2017-03-18
3/18/2018,147.0,7.0,0.0,0.0,0.0,78.0,2018-03-18
3/18/2019,49.0,133.0,0.0,27.0,0.0,86.0,2019-03-18
3/19/2017,-76.0,0.0,0.0,0.0,0.0,0.0,2017-03-19
3/19/2018,190.0,267.0,0.0,88.0,0.0,64.0,2018-03-19
3/19/2019,208.0,242.0,0.0,42.0,0.0,171.0,2019-03-19
3/2/2017,1379.0,213.0,5.0,554.0,0.0,1095.0,2017-03-02
3/2/2018,-5.0,0.0,0.0,20.0,0.0,0.0,2018-03-02
3/2/2019,681.0,100.0,395.0,421.0,0.0,132.0,2019-03-02
3/20/2017,-74.0,48.0,0.0,43.0,0.0,17.0,2017-03-20
3/20/2018,741.0,261.0,196.0,397.0,0.0,212.0,2018-03-20
3/20/2019,325.0,293.0,0.0,38.0,0.0,236.0,2019-03-20
3/21/2017,-286.0,0.0,0.0,35.0,0.0,0.0,2017-03-21
3/21/2018,19.0,16.0,0.0,0.0,0.0,0.0,2018-03-21
3/21/2019,382.0,172.0,14.0,110.0,0.0,228.0,2019-03-21
3/22/2017,1658.0,0.0,122.0,276.0,0.0,1155.0,2017-03-22
3/22/2018,419.0,127.0,12.0,70.0,0.0,120.0,2018-03-22
3/22/2019,1526.0,615.0,83.0,212.0,0.0,481.0,2019-03-22
3/23/2017,601.0,339.0,0.0,137.0,0.0,246.0,2017-03-23
3/23/2018,1116.0,99.0,0.0,42.0,0.0,751.0,2018-03-23
3/23/2019,186.0,22.0,0.0,18.0,0.0,146.0,2019-03-23
3/24/2017,515.0,29.0,0.0,92.0,0.0,363.0,2017-03-24
3/24/2018,50.0,0.0,0.0,0.0,0.0,84.0,2018-03-24
3/24/2019,623.0,168.0,0.0,181.0,0.0,468.0,2019-03-24
3/25/2017,-119.0,0.0,0.0,0.0,0.0,25.0,2017-03-25
3/25/2018,319.0,33.0,0.0,19.0,0.0,267.0,2018-03-25
3/25/2019,715.0,285.0,0.0,62.0,0.0,545.0,2019-03-25
3/26/2017,-83.0,12.0,0.0,20.0,0.0,79.0,2017-03-26
3/26/2018,249.0,77.0,0.0,35.0,0.0,157.0,2018-03-26
3/26/2019,257.0,184.0,0.0,63.0,0.0,199.0,2019-03-26
3/27/2017,461.0,116.0,20.0,17.0,0.0,236.0,2017-03-27
3/27/2018,729.0,487.0,1.0,30.0,0.0,124.0,2018-03-27
3/27/2019,157.0,125.0,0.0,13.0,0.0,279.0,2019-03-27
3/28/2017,2024.0,178.0,10.0,63.0,0.0,1264.0,2017-03-28
3/28/2018,712.0,387.0,0.0,59.0,0.0,225.0,2018-03-28
3/28/2019,23.0,71.0,0.0,0.0,0.0,40.0,2019-03-28
3/29/2017,-207.0,60.0,0.0,107.0,0.0,0.0,2017-03-29
3/29/2018,282.0,210.0,0.0,64.0,0.0,84.0,2018-03-29
3/29/2019,-72.0,35.0,0.0,0.0,0.0,19.0,2019-03-29
3/3/2017,139.0,175.0,6.0,172.0,0.0,127.0,2017-03-03
3/3/2018,621.0,222.0,10.0,0.0,0.0,128.0,2018-03-03
3/3/2019,96.0,98.0,10.0,213.0,0.0,162.0,2019-03-03
3/30/2017,507.0,127.0,0.0,335.0,0.0,311.0,2017-03-30
3/30/2018,67.0,19.0,0.0,162.0,0.0,195.0,2018-03-30
3/30/2019,-91.0,45.0,0.0,17.0,0.0,6.0,2019-03-30
3/31/2017,1378.0,225.0,26.0,386.0,0.0,747.0,2017-03-31
3/31/2018,99.0,137.0,0.0,23.0,0.0,29.0,2018-03-31
3/31/2019,590.0,246.0,0.0,130.0,0.0,357.0,2019-03-31
3/4/2017,74.0,119.0,0.0,0.0,0.0,53.0,2017-03-04
3/4/2018,101.0,6.0,0.0,0.0,0.0,68.0,2018-03-04
3/4/2019,355.0,316.0,5.0,343.0,0.0,114.0,2019-03-04
3/5/2017,549.0,391.0,0.0,95.0,0.0,154.0,2017-03-05
3/5/2018,782.0,99.0,0.0,172.0,0.0,589.0,2018-03-05
3/5/2019,-332.0,53.0,0.0,60.0,0.0,0.0,2019-03-05
3/6/2017,-362.0,0.0,0.0,23.0,0.0,0.0,2017-03-06
3/6/2018,180.0,168.0,0.0,73.0,0.0,107.0,2018-03-06
3/6/2019,560.0,797.0,0.0,32.0,0.0,44.0,2019-03-06
3/7/2017,142.0,42.0,76.0,53.0,0.0,239.0,2017-03-07
3/7/2018,57.0,85.0,11.0,127.0,0.0,0.0,2018-03-07
3/7/2019,335.0,150.0,0.0,58.0,0.0,191.0,2019-03-07
3/8/2017,406.0,177.0,0.0,123.0,0.0,222.0,2017-03-08
3/8/2018,687.0,165.0,20.0,93.0,0.0,343.0,2018-03-08
3/8/2019,1364.0,245.0,0.0,47.0,0.0,1100.0,2019-03-08
3/9/2017,1462.0,953.0,30.0,247.0,0.0,492.0,2017-03-09
3/9/2018,239.0,20.0,12.0,0.0,0.0,180.0,2018-03-09
3/9/2019,286.0,86.0,0.0,148.0,0.0,189.0,2019-03-09
4/1/2017,534.0,359.0,0.0,0.0,0.0,5.0,2017-04-01
4/1/2018,451.0,153.0,0.0,68.0,0.0,245.0,2018-04-01
4/1/2019,1534.0,484.0,0.0,594.0,0.0,1178.0,2019-04-01
4/10/2017,243.0,50.0,0.0,470.0,0.0,123.0,2017-04-10
4/10/2018,-209.0,4.0,0.0,190.0,0.0,139.0,2018-04-10
4/10/2019,176.0,23.0,0.0,297.0,0.0,365.0,2019-04-10
4/11/2017,-38.0,66.0,0.0,6.0,0.0,90.0,2017-04-11
4/11/2018,91.0,206.0,0.0,22.0,0.0,128.0,2018-04-11
4/11/2019,80.0,59.0,0.0,77.0,0.0,135.0,2019-04-11
4/12/2017,412.0,340.0,0.0,271.0,0.0,137.0,2017-04-12
4/12/2018,297.0,208.0,0.0,13.0,0.0,230.0,2018-04-12
4/12/2019,1773.0,702.0,0.0,288.0,0.0,771.0,2019-04-12
4/13/2017,-104.0,37.0,0.0,240.0,0.0,30.0,2017-04-13
4/13/2018,-206.0,8.0,0.0,172.0,0.0,27.0,2018-04-13
4/13/2019,321.0,96.0,43.0,289.0,0.0,267.0,2019-04-13
4/14/2017,-169.0,49.0,0.0,31.0,0.0,0.0,2017-04-14
4/14/2018,-199.0,44.0,0.0,124.0,0.0,0.0,2018-04-14
4/14/2019,1637.0,113.0,2.0,363.0,0.0,1374.0,2019-04-14
4/15/2017,-132.0,30.0,0.0,0.0,0.0,15.0,2017-04-15
4/15/2018,482.0,195.0,29.0,154.0,0.0,172.0,2018-04-15
4/15/2019,1829.0,302.0,29.0,221.0,0.0,1206.0,2019-04-15
4/16/2017,21.0,14.0,0.0,0.0,0.0,248.0,2017-04-16
4/16/2018,2797.0,620.0,2.0,805.0,0.0,1542.0,2018-04-16
4/16/2019,902.0,188.0,0.0,155.0,0.0,683.0,2019-04-16
4/17/2017,333.0,97.0,0.0,584.0,0.0,301.0,2017-04-17
4/17/2018,-184.0,8.0,0.0,0.0,0.0,19.0,2018-04-17
4/17/2019,34.0,33.0,0.0,52.0,0.0,81.0,2019-04-17
4/18/2017,79.0,244.0,0.0,0.0,0.0,84.0,2017-04-18
4/18/2018,339.0,141.0,0.0,39.0,0.0,289.0,2018-04-18
4/18/2019,981.0,379.0,0.0,440.0,0.0,448.0,2019-04-18
4/19/2017,163.0,175.0,0.0,73.0,0.0,199.0,2017-04-19
4/19/2018,539.0,56.0,0.0,169.0,0.0,493.0,2018-04-19
4/19/2019,494.0,55.0,0.0,294.0,0.0,244.0,2019-04-19
4/2/2017,200.0,97.0,0.0,36.0,0.0,168.0,2017-04-02
4/2/2018,5106.0,210.0,2754.0,752.0,0.0,2010.0,2018-04-02
4/2/2019,-304.0,36.0,0.0,78.0,0.0,19.0,2019-04-02
4/20/2017,503.0,75.0,0.0,1344.0,0.0,560.0,2017-04-20
4/20/2018,155.0,8.0,0.0,19.0,0.0,309.0,2018-04-20
4/20/2019,82.0,44.0,0.0,163.0,0.0,97.0,2019-04-20
4/21/2017,633.0,52.0,248.0,421.0,0.0,445.0,2017-04-21
4/21/2018,-103.0,0.0,0.0,33.0,0.0,0.0,2018-04-21
4/21/2019,111.0,113.0,0.0,0.0,0.0,148.0,2019-04-21
4/22/2017,189.0,116.0,0.0,0.0,0.0,198.0,2017-04-22
4/22/2018,65.0,15.0,0.0,11.0,0.0,164.0,2018-04-22
4/22/2019,894.0,180.0,4.0,213.0,0.0,599.0,2019-04-22
4/23/2017,-8.0,25.0,0.0,185.0,0.0,183.0,2017-04-23
4/23/2018,-107.0,110.0,0.0,90.0,0.0,43.0,2018-04-23
4/23/2019,1024.0,475.0,17.0,198.0,0.0,376.0,2019-04-23
4/24/2017,-250.0,27.0,0.0,95.0,0.0,15.0,2017-04-24
4/24/2018,-73.0,155.0,0.0,49.0,0.0,106.0,2018-04-24
4/24/2019,75.0,8.0,0.0,95.0,0.0,407.0,2019-04-24
4/25/2017,1593.0,208.0,21.0,333.0,0.0,921.0,2017-04-25
4/25/2018,1456.0,98.0,0.0,401.0,0.0,965.0,2018-04-25
4/25/2019,-180.0,46.0,0.0,23.0,0.0,0.0,2019-04-25
4/26/2017,711.0,117.0,0.0,246.0,0.0,499.0,2017-04-26
4/26/2018,9.0,151.0,0.0,17.0,0.0,30.0,2018-04-26
4/26/2019,1561.0,12.0,198.0,501.0,0.0,1279.0,2019-04-26
4/27/2017,941.0,478.0,0.0,62.0,0.0,408.0,2017-04-27
4/27/2018,1079.0,252.0,0.0,531.0,0.0,750.0,2018-04-27
4/27/2019,511.0,300.0,0.0,1.0,0.0,229.0,2019-04-27
4/28/2017,-71.0,55.0,0.0,96.0,0.0,41.0,2017-04-28
4/28/2018,61.0,154.0,0.0,0.0,0.0,36.0,2018-04-28
4/28/2019,137.0,132.0,0.0,193.0,0.0,167.0,2019-04-28
4/29/2017,-73.0,0.0,0.0,0.0,0.0,0.0,2017-04-29
4/29/2018,-111.0,49.0,0.0,0.0,0.0,31.0,2018-04-29
4/29/2019,387.0,16.0,27.0,191.0,0.0,470.0,2019-04-29
4/3/2017,1170.0,223.0,82.0,105.0,0.0,872.0,2017-04-03
4/3/2018,389.0,30.0,0.0,178.0,0.0,415.0,2018-04-03
4/3/2019,3.0,29.0,0.0,40.0,0.0,161.0,2019-04-03
4/30/2017,1528.0,307.0,0.0,445.0,0.0,897.0,2017-04-30
4/30/2018,47.0,69.0,0.0,26.0,0.0,60.0,2018-04-30
4/30/2019,356.0,65.0,125.0,479.0,0.0,350.0,2019-04-30
4/4/2017,2117.0,203.0,54.0,497.0,0.0,1764.0,2017-04-04
4/4/2018,2653.0,108.0,201.0,140.0,0.0,2021.0,2018-04-04
4/4/2019,661.0,399.0,0.0,265.0,0.0,381.0,2019-04-04
4/5/2017,1160.0,124.0,345.0,562.0,0.0,757.0,2017-04-05
4/5/2018,265.0,202.0,0.0,72.0,0.0,228.0,2018-04-05
4/5/2019,169.0,81.0,0.0,74.0,0.0,178.0,2019-04-05
4/6/2017,1496.0,154.0,221.0,1097.0,0.0,910.0,2017-04-06
4/6/2018,100.0,23.0,0.0,728.0,0.0,235.0,2018-04-06
4/6/2019,271.0,208.0,0.0,42.0,0.0,86.0,2019-04-06
4/7/2017,1111.0,305.0,0.0,9.0,0.0,471.0,2017-04-07
4/7/2018,-226.0,0.0,0.0,40.0,0.0,0.0,2018-04-07
4/7/2019,302.0,135.0,0.0,91.0,0.0,162.0,2019-04-07
4/8/2017,558.0,447.0,0.0,18.0,0.0,0.0,2017-04-08
4/8/2018,-42.0,86.0,0.0,43.0,0.0,44.0,2018-04-08
4/8/2019,1430.0,162.0,191.0,369.0,0.0,1080.0,2019-04-08
4/9/2017,877.0,796.0,0.0,7.0,0.0,0.0,2017-04-09
4/9/2018,-58.0,31.0,0.0,31.0,0.0,79.0,2018-04-09
4/9/2019,314.0,150.0,12.0,395.0,0.0,384.0,2019-04-09
5/1/2017,1992.0,163.0,209.0,497.0,0.0,1556.0,2017-05-01
5/1/2018,-347.0,0.0,0.0,25.0,0.0,25.0,2018-05-01
5/1/2019,515.0,247.0,6.0,86.0,0.0,268.0,2019-05-01
5/10/2017,-179.0,25.0,0.0,43.0,0.0,0.0,2017-05-10
5/10/2018,1056.0,56.0,588.0,728.0,0.0,399.0,2018-05-10
5/10/2019,175.0,14.0,0.0,269.0,0.0,322.0,2019-05-10
5/11/2017,99.0,33.0,0.0,143.0,0.0,228.0,2017-05-11
5/11/2018,20.0,41.0,0.0,50.0,0.0,105.0,2018-05-11
5/11/2019,196.0,12.0,0.0,381.0,0.0,226.0,2019-05-11
5/12/2017,-2.0,80.0,0.0,46.0,0.0,155.0,2017-05-12
5/12/2018,35.0,7.0,0.0,95.0,0.0,73.0,2018-05-12
5/12/2019,1901.0,215.0,38.0,194.0,0.0,1639.0,2019-05-12
5/13/2017,-41.0,61.0,0.0,0.0,0.0,0.0,2017-05-13
5/13/2018,96.0,105.0,0.0,32.0,27.0,87.0,2018-05-13
5/13/2019,1262.0,450.0,9.0,551.0,0.0,901.0,2019-05-13
5/14/2017,847.0,447.0,0.0,87.0,0.0,348.0,2017-05-14
5/14/2018,1334.0,106.0,0.0,1024.0,0.0,313.0,2018-05-14
5/14/2019,532.0,498.0,1.0,254.0,0.0,174.0,2019-05-14
5/15/2017,170.0,82.0,0.0,168.0,0.0,151.0,2017-05-15
5/15/2018,1000.0,46.0,601.0,529.0,0.0,250.0,2018-05-15
5/15/2019,609.0,439.0,0.0,109.0,0.0,289.0,2019-05-15
5/16/2017,-245.0,0.0,0.0,41.0,0.0,0.0,2017-05-16
5/16/2018,1349.0,396.0,0.0,333.0,0.0,733.0,2018-05-16
5/16/2019,1629.0,253.0,0.0,89.0,0.0,1031.0,2019-05-16
5/17/2017,34.0,69.0,0.0,222.0,0.0,0.0,2017-05-17
5/17/2018,1139.0,235.0,0.0,200.0,0.0,695.0,2018-05-17
5/17/2019,894.0,59.0,0.0,96.0,0.0,908.0,2019-05-17
5/18/2017,416.0,110.0,0.0,137.0,0.0,400.0,2017-05-18
5/18/2018,459.0,239.0,0.0,296.0,0.0,189.0,2018-05-18
5/18/2019,269.0,67.0,341.0,535.0,0.0,7.0,2019-05-18
5/19/2017,904.0,151.0,0.0,747.0,0.0,761.0,2017-05-19
5/19/2018,-40.0,23.0,0.0,34.0,0.0,35.0,2018-05-19
5/19/2019,1548.0,288.0,273.0,576.0,0.0,847.0,2019-05-19
5/2/2017,607.0,205.0,6.0,485.0,0.0,314.0,2017-05-02
5/2/2018,2.0,91.0,0.0,195.0,0.0,0.0,2018-05-02
5/2/2019,1856.0,1175.0,0.0,622.0,0.0,716.0,2019-05-02
5/20/2017,393.0,208.0,0.0,78.0,0.0,42.0,2017-05-20
5/20/2018,584.0,51.0,25.0,350.0,0.0,505.0,2018-05-20
5/20/2019,1139.0,463.0,0.0,140.0,0.0,426.0,2019-05-20
5/21/2017,246.0,79.0,0.0,30.0,0.0,160.0,2017-05-21
5/21/2018,338.0,205.0,38.0,414.0,0.0,213.0,2018-05-21
5/21/2019,1591.0,728.0,81.0,703.0,0.0,782.0,2019-05-21
5/22/2017,1379.0,222.0,125.0,115.0,0.0,807.0,2017-05-22
5/22/2018,318.0,128.0,0.0,85.0,0.0,247.0,2018-05-22
5/22/2019,777.0,279.0,0.0,121.0,0.0,499.0,2019-05-22
5/23/2017,335.0,167.0,0.0,290.0,0.0,130.0,2017-05-23
5/23/2018,-3.0,7.0,0.0,54.0,0.0,148.0,2018-05-23
5/23/2019,1880.0,252.0,903.0,1284.0,0.0,808.0,2019-05-23
5/24/2017,806.0,156.0,54.0,1307.0,0.0,641.0,2017-05-24
5/24/2018,777.0,572.0,0.0,39.0,0.0,186.0,2018-05-24
5/24/2019,1152.0,193.0,0.0,262.0,0.0,988.0,2019-05-24
5/25/2017,2793.0,229.0,456.0,1268.0,0.0,1276.0,2017-05-25
5/25/2018,1089.0,516.0,0.0,0.0,0.0,378.0,2018-05-25
5/25/2019,165.0,68.0,0.0,0.0,0.0,152.0,2019-05-25
5/26/2017,1122.0,351.0,0.0,31.0,0.0,651.0,2017-05-26
5/26/2018,9.0,0.0,0.0,23.0,0.0,93.0,2018-05-26
5/26/2019,172.0,100.0,0.0,184.0,0.0,238.0,2019-05-26
5/27/2017,-20.0,78.0,0.0,5.0,0.0,15.0,2017-05-27
5/27/2018,172.0,31.0,0.0,379.0,0.0,238.0,2018-05-27
5/27/2019,550.0,160.0,0.0,233.0,0.0,617.0,2019-05-27
5/28/2017,-206.0,0.0,0.0,22.0,0.0,0.0,2017-05-28
5/28/2018,-55.0,29.0,0.0,29.0,0.0,82.0,2018-05-28
5/28/2019,2056.0,923.0,270.0,701.0,0.0,860.0,2019-05-28
5/29/2017,-62.0,8.0,33.0,278.0,0.0,168.0,2017-05-29
5/29/2018,-48.0,148.0,0.0,14.0,0.0,42.0,2018-05-29
5/29/2019,781.0,78.0,87.0,370.0,0.0,699.0,2019-05-29
5/3/2017,-103.0,15.0,1.0,154.0,0.0,105.0,2017-05-03
5/3/2018,1660.0,317.0,29.0,329.0,0.0,1177.0,2018-05-03
5/3/2019,708.0,101.0,1.0,420.0,0.0,607.0,2019-05-03
5/30/2017,1600.0,147.0,9.0,489.0,0.0,1270.0,2017-05-30
5/30/2018,364.0,25.0,0.0,535.0,0.0,83.0,2018-05-30
5/30/2019,3235.0,602.0,232.0,884.0,0.0,2269.0,2019-05-30
5/31/2017,-148.0,0.0,0.0,231.0,0.0,29.0,2017-05-31
5/31/2018,330.0,13.0,0.0,329.0,0.0,393.0,2018-05-31
5/31/2019,662.0,156.0,0.0,463.0,0.0,543.0,2019-05-31
5/4/2017,-94.0,8.0,0.0,0.0,0.0,104.0,2017-05-04
5/4/2018,631.0,455.0,19.0,12.0,0.0,130.0,2018-05-04
5/4/2019,6.0,54.0,0.0,68.0,0.0,73.0,2019-05-04
5/5/2017,4889.0,610.0,235.0,575.0,0.0,3798.0,2017-05-05
5/5/2018,-152.0,55.0,0.0,10.0,0.0,0.0,2018-05-05
5/5/2019,2033.0,1675.0,0.0,551.0,0.0,431.0,2019-05-05
5/6/2017,1062.0,841.0,0.0,76.0,0.0,43.0,2017-05-06
5/6/2018,198.0,105.0,0.0,67.0,0.0,170.0,2018-05-06
5/6/2019,616.0,169.0,0.0,131.0,0.0,384.0,2019-05-06
5/7/2017,287.0,97.0,0.0,5.0,0.0,258.0,2017-05-07
5/7/2018,185.0,42.0,0.0,32.0,0.0,367.0,2018-05-07
5/7/2019,3.0,174.0,0.0,86.0,0.0,197.0,2019-05-07
5/8/2017,85.0,84.0,0.0,164.0,0.0,85.0,2017-05-08
5/8/2018,-121.0,36.0,0.0,131.0,0.0,22.0,2018-05-08
5/8/2019,1410.0,290.0,183.0,476.0,0.0,1036.0,2019-05-08
5/9/2017,-223.0,56.0,0.0,18.0,0.0,21.0,2017-05-09
5/9/2018,397.0,88.0,2.0,446.0,0.0,458.0,2018-05-09
5/9/2019,643.0,250.0,0.0,59.0,0.0,450.0,2019-05-09
6/1/2017,438.0,5.0,0.0,222.0,0.0,464.0,2017-06-01
6/1/2018,1439.0,100.0,0.0,216.0,0.0,1076.0,2018-06-01
6/1/2019,-46.0,0.0,0.0,16.0,0.0,43.0,2019-06-01
6/10/2017,-132.0,0.0,0.0,0.0,0.0,44.0,2017-06-10
6/10/2018,968.0,48.0,0.0,382.0,0.0,891.0,2018-06-10
6/10/2019,3498.0,802.0,5.0,250.0,0.0,2665.0,2019-06-10
6/11/2017,-106.0,5.0,0.0,48.0,0.0,40.0,2017-06-11
6/11/2018,418.0,153.0,0.0,76.0,0.0,372.0,2018-06-11
6/11/2019,797.0,320.0,0.0,348.0,0.0,527.0,2019-06-11
6/12/2017,100.0,144.0,0.0,19.0,0.0,149.0,2017-06-12
6/12/2018,457.0,474.0,0.0,106.0,0.0,117.0,2018-06-12
6/12/2019,1527.0,942.0,0.0,164.0,0.0,688.0,2019-06-12
6/13/2017,2161.0,211.0,466.0,406.0,0.0,1464.0,2017-06-13
6/13/2018,-58.0,31.0,0.0,1.0,0.0,125.0,2018-06-13
6/13/2019,1022.0,183.0,113.0,521.0,0.0,765.0,2019-06-13
6/14/2017,1526.0,56.0,671.0,794.0,0.0,587.0,2017-06-14
6/14/2018,-22.0,6.0,0.0,114.0,0.0,163.0,2018-06-14
6/14/2019,166.0,67.0,99.0,80.0,0.0,176.0,2019-06-14
6/15/2017,1240.0,299.0,235.0,310.0,0.0,461.0,2017-06-15
6/15/2018,536.0,55.0,0.0,183.0,0.0,436.0,2018-06-15
6/15/2019,-31.0,34.0,0.0,152.0,0.0,33.0,2019-06-15
6/16/2017,1016.0,81.0,43.0,577.0,0.0,914.0,2017-06-16
6/16/2018,31.0,4.0,0.0,0.0,0.0,118.0,2018-06-16
6/16/2019,762.0,30.0,504.0,146.0,0.0,213.0,2019-06-16
6/17/2017,-60.0,72.0,0.0,62.0,0.0,22.0,2017-06-17
6/17/2018,189.0,116.0,0.0,0.0,0.0,93.0,2018-06-17
6/17/2019,127.0,148.0,24.0,289.0,0.0,82.0,2019-06-17
6/18/2017,328.0,191.0,0.0,331.0,0.0,137.0,2017-06-18
6/18/2018,216.0,84.0,36.0,581.0,5.0,189.0,2018-06-18
6/18/2019,2164.0,268.0,25.0,622.0,0.0,1810.0,2019-06-18
6/19/2017,1746.0,37.0,398.0,703.0,0.0,1265.0,2017-06-19
6/19/2018,1163.0,76.0,0.0,543.0,0.0,1027.0,2018-06-19
6/19/2019,1373.0,116.0,23.0,908.0,0.0,1250.0,2019-06-19
6/2/2017,488.0,95.0,59.0,338.0,0.0,536.0,2017-06-02
6/2/2018,-139.0,0.0,0.0,68.0,0.0,76.0,2018-06-02
6/2/2019,625.0,11.0,1.0,356.0,0.0,446.0,2019-06-02
6/20/2017,1106.0,350.0,7.0,107.0,0.0,523.0,2017-06-20
6/20/2018,434.0,359.0,0.0,120.0,0.0,122.0,2018-06-20
6/20/2019,3202.0,362.0,163.0,419.0,0.0,1879.0,2019-06-20
6/21/2017,462.0,64.0,2.0,200.0,0.0,420.0,2017-06-21
6/21/2018,722.0,146.0,0.0,248.0,0.0,464.0,2018-06-21
6/21/2019,2016.0,501.0,0.0,303.0,0.0,1190.0,2019-06-21
6/22/2017,344.0,84.0,0.0,42.0,0.0,314.0,2017-06-22
6/22/2018,755.0,316.0,0.0,21.0,0.0,225.0,2018-06-22
6/22/2019,534.0,297.0,0.0,29.0,0.0,157.0,2019-06-22
6/23/2017,455.0,96.0,35.0,507.0,0.0,356.0,2017-06-23
6/23/2018,461.0,201.0,0.0,190.0,0.0,252.0,2018-06-23
6/23/2019,830.0,215.0,0.0,82.0,0.0,491.0,2019-06-23
6/24/2017,293.0,41.0,50.0,148.0,0.0,158.0,2017-06-24
6/24/2018,1346.0,182.0,10.0,492.0,0.0,839.0,2018-06-24
6/24/2019,423.0,99.0,0.0,161.0,0.0,429.0,2019-06-24
6/25/2017,-124.0,0.0,0.0,62.0,0.0,0.0,2017-06-25
6/25/2018,660.0,276.0,0.0,254.0,0.0,385.0,2018-06-25
6/25/2019,2451.0,791.0,155.0,853.0,0.0,1136.0,2019-06-25
6/26/2017,109.0,97.0,0.0,111.0,0.0,170.0,2017-06-26
6/26/2018,657.0,78.0,88.0,462.0,0.0,199.0,2018-06-26
6/26/2019,434.0,59.0,0.0,215.0,0.0,307.0,2019-06-26
6/27/2017,559.0,119.0,204.0,359.0,0.0,159.0,2017-06-27
6/27/2018,519.0,204.0,0.0,18.0,0.0,231.0,2018-06-27
6/27/2019,705.0,50.0,133.0,293.0,0.0,576.0,2019-06-27
6/28/2017,733.0,309.0,204.0,21.0,0.0,105.0,2017-06-28
6/28/2018,3950.0,418.0,962.0,792.0,0.0,1967.0,2018-06-28
6/28/2019,619.0,155.0,220.0,484.0,0.0,260.0,2019-06-28
6/29/2017,-170.0,0.0,0.0,0.0,0.0,0.0,2017-06-29
6/29/2018,1012.0,318.0,0.0,22.0,0.0,419.0,2018-06-29
6/29/2019,782.0,38.0,115.0,171.0,0.0,594.0,2019-06-29
6/3/2017,64.0,104.0,0.0,12.0,0.0,52.0,2017-06-03
6/3/2018,126.0,152.0,0.0,111.0,0.0,85.0,2018-06-03
6/3/2019,244.0,184.0,0.0,90.0,0.0,199.0,2019-06-03
6/30/2017,1273.0,405.0,169.0,544.0,0.0,720.0,2017-06-30
6/30/2018,47.0,76.0,0.0,1.0,0.0,0.0,2018-06-30
6/30/2019,416.0,103.0,0.0,49.0,0.0,247.0,2019-06-30
6/4/2017,657.0,553.0,0.0,347.0,0.0,208.0,2017-06-04
6/4/2018,531.0,110.0,0.0,218.0,0.0,438.0,2018-06-04
6/4/2019,203.0,290.0,0.0,38.0,0.0,83.0,2019-06-04
6/5/2017,587.0,80.0,168.0,482.0,0.0,487.0,2017-06-05
6/5/2018,-211.0,55.0,0.0,159.0,0.0,15.0,2018-06-05
6/5/2019,288.0,139.0,1.0,138.0,0.0,358.0,2019-06-05
6/6/2017,1225.0,422.0,472.0,360.0,0.0,475.0,2017-06-06
6/6/2018,-258.0,23.0,0.0,36.0,0.0,0.0,2018-06-06
6/6/2019,89.0,52.0,0.0,525.0,0.0,111.0,2019-06-06
6/7/2017,35.0,27.0,35.0,295.0,0.0,129.0,2017-06-07
6/7/2018,110.0,66.0,12.0,164.0,0.0,57.0,2018-06-07
6/7/2019,-17.0,70.0,0.0,75.0,0.0,127.0,2019-06-07
6/8/2017,40.0,94.0,0.0,145.0,0.0,126.0,2017-06-08
6/8/2018,321.0,47.0,31.0,219.0,0.0,371.0,2018-06-08
6/8/2019,194.0,44.0,0.0,157.0,0.0,184.0,2019-06-08
6/9/2017,496.0,69.0,0.0,315.0,0.0,346.0,2017-06-09
6/9/2018,583.0,318.0,0.0,598.0,0.0,242.0,2018-06-09
6/9/2019,-17.0,48.0,0.0,502.0,0.0,56.0,2019-06-09
7/1/2017,520.0,65.0,148.0,514.0,0.0,336.0,2017-07-01
7/1/2018,810.0,150.0,0.0,280.0,0.0,315.0,2018-07-01
7/1/2019,798.0,327.0,17.0,218.0,0.0,359.0,2019-07-01
7/10/2017,784.0,82.0,134.0,703.0,0.0,482.0,2017-07-10
7/10/2018,569.0,394.0,0.0,114.0,0.0,249.0,2018-07-10
7/10/2019,87.0,223.0,0.0,145.0,0.0,105.0,2019-07-10
7/11/2017,393.0,108.0,8.0,48.0,0.0,311.0,2017-07-11
7/11/2018,605.0,226.0,87.0,158.0,0.0,230.0,2018-07-11
7/11/2019,1210.0,250.0,278.0,540.0,0.0,743.0,2019-07-11
7/12/2017,2784.0,234.0,1171.0,614.0,0.0,1382.0,2017-07-12
7/12/2018,321.0,57.0,0.0,142.0,0.0,223.0,2018-07-12
7/12/2019,800.0,171.0,0.0,198.0,0.0,549.0,2019-07-12
7/13/2017,1328.0,0.0,584.0,145.0,0.0,623.0,2017-07-13
7/13/2018,64.0,18.0,0.0,0.0,0.0,65.0,2018-07-13
7/13/2019,91.0,37.0,0.0,16.0,0.0,68.0,2019-07-13
7/14/2017,2809.0,1246.0,256.0,1251.0,0.0,1092.0,2017-07-14
7/14/2018,678.0,643.0,0.0,24.0,0.0,45.0,2018-07-14
7/14/2019,308.0,0.0,0.0,285.0,0.0,151.0,2019-07-14
7/15/2017,313.0,65.0,68.0,22.0,0.0,92.0,2017-07-15
7/15/2018,1698.0,330.0,4.0,556.0,0.0,890.0,2018-07-15
7/15/2019,457.0,335.0,0.0,0.0,0.0,143.0,2019-07-15
7/16/2017,272.0,23.0,0.0,38.0,0.0,365.0,2017-07-16
7/16/2018,876.0,270.0,0.0,505.0,0.0,480.0,2018-07-16
7/16/2019,270.0,3.0,0.0,369.0,0.0,491.0,2019-07-16
7/17/2017,1911.0,274.0,425.0,849.0,0.0,1074.0,2017-07-17
7/17/2018,2232.0,128.0,1129.0,413.0,0.0,823.0,2018-07-17
7/17/2019,1319.0,158.0,648.0,386.0,0.0,360.0,2019-07-17
7/18/2017,436.0,128.0,10.0,113.0,0.0,341.0,2017-07-18
7/18/2018,785.0,359.0,0.0,144.0,0.0,259.0,2018-07-18
7/18/2019,2818.0,680.0,277.0,1285.0,0.0,1811.0,2019-07-18
7/19/2017,135.0,34.0,0.0,97.0,0.0,85.0,2017-07-19
7/19/2018,499.0,9.0,13.0,146.0,0.0,410.0,2018-07-19
7/19/2019,1296.0,198.0,0.0,75.0,4.0,858.0,2019-07-19
7/2/2017,61.0,42.0,0.0,15.0,0.0,0.0,2017-07-02
7/2/2018,1297.0,305.0,0.0,54.0,0.0,809.0,2018-07-02
7/2/2019,417.0,66.0,103.0,99.0,0.0,238.0,2019-07-02
7/20/2017,2362.0,443.0,332.0,385.0,0.0,1100.0,2017-07-20
7/20/2018,899.0,67.0,0.0,349.0,0.0,430.0,2018-07-20
7/20/2019,500.0,110.0,9.0,12.0,0.0,313.0,2019-07-20
7/21/2017,302.0,136.0,6.0,230.0,0.0,165.0,2017-07-21
7/21/2018,58.0,74.0,0.0,0.0,0.0,42.0,2018-07-21
7/21/2019,1273.0,233.0,340.0,495.0,0.0,786.0,2019-07-21
7/22/2017,-84.0,0.0,0.0,17.0,0.0,0.0,2017-07-22
7/22/2018,1194.0,107.0,0.0,534.0,0.0,1139.0,2018-07-22
7/22/2019,1012.0,51.0,375.0,115.0,0.0,555.0,2019-07-22
7/23/2017,530.0,0.0,99.0,407.0,0.0,276.0,2017-07-23
7/23/2018,2497.0,681.0,6.0,574.0,0.0,1492.0,2018-07-23
7/23/2019,1402.0,277.0,29.0,610.0,0.0,964.0,2019-07-23
7/24/2017,2711.0,394.0,122.0,848.0,0.0,2107.0,2017-07-24
7/24/2018,2317.0,786.0,118.0,817.0,5.0,1036.0,2018-07-24
7/24/2019,310.0,40.0,0.0,145.0,0.0,413.0,2019-07-24
7/25/2017,737.0,111.0,37.0,115.0,0.0,552.0,2017-07-25
7/25/2018,1276.0,205.0,89.0,764.0,0.0,998.0,2018-07-25
7/25/2019,640.0,494.0,0.0,132.0,0.0,171.0,2019-07-25
7/26/2017,408.0,142.0,0.0,38.0,0.0,260.0,2017-07-26
7/26/2018,1764.0,486.0,0.0,4.0,0.0,1014.0,2018-07-26
7/26/2019,1972.0,1104.0,0.0,163.0,0.0,657.0,2019-07-26
7/27/2017,528.0,112.0,0.0,54.0,0.0,434.0,2017-07-27
7/27/2018,1757.0,197.0,611.0,736.0,0.0,687.0,2018-07-27
7/27/2019,144.0,154.0,0.0,102.0,0.0,21.0,2019-07-27
7/28/2017,1623.0,220.0,32.0,392.0,0.0,1168.0,2017-07-28
7/28/2018,608.0,327.0,2.0,143.0,0.0,105.0,2018-07-28
7/28/2019,34.0,60.0,0.0,52.0,0.0,20.0,2019-07-28
7/29/2017,152.0,20.0,0.0,89.0,0.0,83.0,2017-07-29
7/29/2018,336.0,191.0,0.0,135.0,0.0,87.0,2018-07-29
7/29/2019,288.0,215.0,0.0,263.0,0.0,207.0,2019-07-29
7/3/2017,-176.0,32.0,0.0,0.0,0.0,0.0,2017-07-03
7/3/2018,589.0,2.0,0.0,113.0,0.0,423.0,2018-07-03
7/3/2019,578.0,175.0,0.0,73.0,0.0,325.0,2019-07-03
7/30/2017,164.0,0.0,0.0,28.0,0.0,129.0,2017-07-30
7/30/2018,565.0,92.0,3.0,172.0,0.0,373.0,2018-07-30
7/30/2019,936.0,270.0,0.0,268.0,0.0,686.0,2019-07-30
7/31/2017,-99.0,2.0,0.0,93.0,0.0,102.0,2017-07-31
7/31/2018,194.0,173.0,0.0,36.0,0.0,58.0,2018-07-31
7/31/2019,3483.0,284.0,342.0,345.0,0.0,2756.0,2019-07-31
7/4/2017,-267.0,0.0,0.0,37.0,0.0,0.0,2017-07-04
7/4/2018,1.0,31.0,0.0,138.0,0.0,20.0,2018-07-04
7/4/2019,249.0,69.0,0.0,76.0,0.0,93.0,2019-07-04
7/5/2017,127.0,0.0,0.0,69.0,0.0,304.0,2017-07-05
7/5/2018,443.0,268.0,0.0,241.0,0.0,194.0,2018-07-05
7/5/2019,80.0,75.0,0.0,190.0,0.0,88.0,2019-07-05
7/6/2017,-82.0,19.0,0.0,43.0,0.0,65.0,2017-07-06
7/6/2018,330.0,28.0,0.0,290.0,0.0,286.0,2018-07-06
7/6/2019,2071.0,361.0,401.0,454.0,0.0,1249.0,2019-07-06
7/7/2017,1521.0,152.0,61.0,1198.0,0.0,1321.0,2017-07-07
7/7/2018,-93.0,0.0,0.0,0.0,0.0,24.0,2018-07-07
7/7/2019,902.0,327.0,0.0,436.0,0.0,611.0,2019-07-07
7/8/2017,46.0,115.0,0.0,32.0,0.0,8.0,2017-07-08
7/8/2018,-102.0,68.0,0.0,48.0,0.0,0.0,2018-07-08
7/8/2019,3422.0,796.0,126.0,884.0,0.0,2266.0,2019-07-08
7/9/2017,86.0,52.0,0.0,42.0,0.0,155.0,2017-07-09
7/9/2018,378.0,49.0,0.0,132.0,0.0,272.0,2018-07-09
7/9/2019,-162.0,60.0,0.0,0.0,0.0,0.0,2019-07-09
8/1/2017,-74.0,13.0,0.0,169.0,0.0,38.0,2017-08-01
8/1/2018,1781.0,488.0,0.0,609.0,0.0,1242.0,2018-08-01
8/1/2019,2648.0,168.0,471.0,850.0,0.0,2024.0,2019-08-01
8/10/2017,432.0,420.0,14.0,63.0,0.0,130.0,2017-08-10
8/10/2018,248.0,81.0,0.0,100.0,0.0,192.0,2018-08-10
8/10/2019,671.0,211.0,0.0,16.0,0.0,437.0,2019-08-10
8/11/2017,927.0,414.0,0.0,64.0,0.0,264.0,2017-08-11
8/11/2018,3105.0,6.0,511.0,2290.0,0.0,1103.0,2018-08-11
8/11/2019,407.0,53.0,0.0,0.0,0.0,329.0,2019-08-11
8/12/2017,391.0,322.0,0.0,111.0,0.0,30.0,2017-08-12
8/12/2018,879.0,392.0,0.0,197.0,0.0,366.0,2018-08-12
8/12/2019,1268.0,794.0,0.0,32.0,0.0,323.0,2019-08-12
8/13/2017,249.0,69.0,0.0,44.0,0.0,275.0,2017-08-13
8/13/2018,832.0,224.0,34.0,962.0,0.0,434.0,2018-08-13
8/13/2019,250.0,24.0,0.0,224.0,0.0,332.0,2019-08-13
8/14/2017,128.0,82.0,0.0,235.0,0.0,244.0,2017-08-14
8/14/2018,2008.0,193.0,325.0,839.0,0.0,1291.0,2018-08-14
8/14/2019,1379.0,822.0,19.0,970.0,0.0,513.0,2019-08-14
8/15/2017,644.0,141.0,0.0,36.0,0.0,477.0,2017-08-15
8/15/2018,315.0,111.0,0.0,243.0,0.0,179.0,2018-08-15
8/15/2019,1502.0,314.0,142.0,1324.0,0.0,1130.0,2019-08-15
8/16/2017,345.0,196.0,99.0,281.0,0.0,152.0,2017-08-16
8/16/2018,1115.0,480.0,0.0,128.0,0.0,601.0,2018-08-16
8/16/2019,1386.0,707.0,66.0,124.0,0.0,527.0,2019-08-16
8/17/2017,501.0,329.0,24.0,99.0,0.0,84.0,2017-08-17
8/17/2018,1058.0,183.0,0.0,385.0,0.0,945.0,2018-08-17
8/17/2019,92.0,30.0,0.0,128.0,0.0,152.0,2019-08-17
8/18/2017,1512.0,197.0,227.0,905.0,0.0,994.0,2017-08-18
8/18/2018,739.0,133.0,198.0,614.0,0.0,262.0,2018-08-18
8/18/2019,1905.0,208.0,949.0,774.0,0.0,740.0,2019-08-18
8/19/2017,589.0,345.0,0.0,11.0,0.0,250.0,2017-08-19
8/19/2018,309.0,300.0,0.0,22.0,0.0,18.0,2018-08-19
8/19/2019,2530.0,623.0,31.0,736.0,0.0,1715.0,2019-08-19
8/2/2017,2250.0,77.0,827.0,433.0,0.0,1304.0,2017-08-02
8/2/2018,2935.0,830.0,1.0,716.0,0.0,1783.0,2018-08-02
8/2/2019,1128.0,197.0,0.0,289.0,0.0,989.0,2019-08-02
8/20/2017,507.0,49.0,0.0,181.0,0.0,443.0,2017-08-20
8/20/2018,413.0,144.0,0.0,428.0,0.0,247.0,2018-08-20
8/20/2019,2643.0,1029.0,874.0,961.0,0.0,826.0,2019-08-20
8/21/2017,27.0,17.0,0.0,191.0,0.0,196.0,2017-08-21
8/21/2018,1422.0,923.0,0.0,316.0,0.0,414.0,2018-08-21
8/21/2019,2073.0,226.0,296.0,478.0,0.0,1321.0,2019-08-21
8/22/2017,441.0,70.0,0.0,313.0,0.0,494.0,2017-08-22
8/22/2018,-228.0,0.0,0.0,22.0,0.0,78.0,2018-08-22
8/22/2019,2441.0,285.0,632.0,398.0,0.0,1431.0,2019-08-22
8/23/2017,527.0,97.0,0.0,578.0,0.0,578.0,2017-08-23
8/23/2018,180.0,108.0,0.0,203.0,0.0,75.0,2018-08-23
8/23/2019,1285.0,996.0,0.0,431.0,0.0,458.0,2019-08-23
8/24/2017,217.0,351.0,0.0,200.0,0.0,70.0,2017-08-24
8/24/2018,-124.0,0.0,0.0,52.0,0.0,96.0,2018-08-24
8/24/2019,175.0,39.0,0.0,54.0,0.0,336.0,2019-08-24
8/25/2017,-289.0,6.0,0.0,34.0,0.0,35.0,2017-08-25
8/25/2018,112.0,1.0,0.0,15.0,0.0,201.0,2018-08-25
8/25/2019,501.0,200.0,0.0,49.0,0.0,297.0,2019-08-25
8/26/2017,-191.0,0.0,0.0,0.0,0.0,31.0,2017-08-26
8/26/2018,-274.0,0.0,0.0,0.0,0.0,0.0,2018-08-26
8/26/2019,438.0,27.0,109.0,148.0,0.0,499.0,2019-08-26
8/27/2017,-79.0,0.0,77.0,0.0,0.0,20.0,2017-08-27
8/27/2018,-185.0,26.0,0.0,1.0,0.0,89.0,2018-08-27
8/27/2019,307.0,109.0,0.0,126.0,0.0,465.0,2019-08-27
8/28/2017,659.0,353.0,194.0,449.0,0.0,257.0,2017-08-28
8/28/2018,249.0,181.0,8.0,269.0,0.0,244.0,2018-08-28
8/28/2019,398.0,105.0,0.0,651.0,0.0,577.0,2019-08-28
8/29/2017,-118.0,21.0,0.0,37.0,0.0,179.0,2017-08-29
8/29/2018,89.0,107.0,0.0,25.0,0.0,227.0,2018-08-29
8/29/2019,-140.0,19.0,0.0,77.0,0.0,68.0,2019-08-29
8/3/2017,3199.0,516.0,688.0,653.0,0.0,1688.0,2017-08-03
8/3/2018,5534.0,592.0,906.0,247.0,0.0,3748.0,2018-08-03
8/3/2019,401.0,228.0,0.0,92.0,0.0,161.0,2019-08-03
8/30/2017,113.0,128.0,0.0,5.0,0.0,211.0,2017-08-30
8/30/2018,-169.0,0.0,0.0,229.0,0.0,98.0,2018-08-30
8/30/2019,-39.0,21.0,93.0,87.0,0.0,104.0,2019-08-30
8/31/2017,-202.0,27.0,0.0,125.0,0.0,77.0,2017-08-31
8/31/2018,799.0,272.0,0.0,698.0,0.0,490.0,2018-08-31
8/31/2019,-11.0,70.0,0.0,29.0,0.0,30.0,2019-08-31
8/4/2017,3519.0,322.0,492.0,206.0,0.0,2230.0,2017-08-04
8/4/2018,464.0,255.0,8.0,10.0,0.0,56.0,2018-08-04
8/4/2019,427.0,175.0,0.0,130.0,0.0,298.0,2019-08-04
8/5/2017,387.0,300.0,42.0,24.0,0.0,0.0,2017-08-05
8/5/2018,546.0,31.0,0.0,0.0,0.0,424.0,2018-08-05
8/5/2019,-136.0,82.0,0.0,95.0,0.0,0.0,2019-08-05
8/6/2017,-33.0,10.0,0.0,24.0,0.0,2.0,2017-08-06
8/6/2018,792.0,202.0,0.0,197.0,0.0,540.0,2018-08-06
8/6/2019,1061.0,493.0,0.0,639.0,0.0,611.0,2019-08-06
8/7/2017,1270.0,970.0,0.0,140.0,0.0,255.0,2017-08-07
8/7/2018,2268.0,751.0,250.0,688.0,0.0,1025.0,2018-08-07
8/7/2019,3949.0,6.0,1708.0,189.0,0.0,2166.0,2019-08-07
8/8/2017,576.0,52.0,20.0,540.0,0.0,606.0,2017-08-08
8/8/2018,393.0,19.0,85.0,386.0,0.0,329.0,2018-08-08
8/8/2019,2034.0,199.0,484.0,669.0,0.0,1061.0,2019-08-08
8/9/2017,-45.0,68.0,0.0,39.0,0.0,54.0,2017-08-09
8/9/2018,780.0,193.0,82.0,339.0,0.0,345.0,2018-08-09
8/9/2019,1734.0,428.0,110.0,813.0,0.0,1221.0,2019-08-09
9/1/2017,409.0,63.0,0.0,206.0,0.0,543.0,2017-09-01
9/1/2018,564.0,41.0,0.0,599.0,0.0,57.0,2018-09-01
9/1/2019,-51.0,155.0,0.0,0.0,0.0,0.0,2019-09-01
9/10/2017,50.0,142.0,0.0,6.0,0.0,39.0,2017-09-10
9/10/2018,135.0,19.0,0.0,58.0,0.0,221.0,2018-09-10
9/10/2019,-167.0,110.0,0.0,67.0,0.0,130.0,2019-09-10
9/11/2017,-95.0,113.0,0.0,0.0,0.0,21.0,2017-09-11
9/11/2018,722.0,225.0,0.0,116.0,0.0,744.0,2018-09-11
9/11/2019,566.0,131.0,0.0,146.0,0.0,656.0,2019-09-11
9/12/2017,72.0,75.0,0.0,29.0,0.0,73.0,2017-09-12
9/12/2018,1060.0,281.0,3.0,64.0,0.0,812.0,2018-09-12
9/12/2019,692.0,294.0,0.0,774.0,0.0,582.0,2019-09-12
9/13/2017,435.0,168.0,4.0,629.0,0.0,347.0,2017-09-13
9/13/2018,133.0,59.0,0.0,10.0,0.0,226.0,2018-09-13
9/13/2019,443.0,229.0,0.0,283.0,0.0,351.0,2019-09-13
9/14/2017,250.0,62.0,33.0,258.0,0.0,257.0,2017-09-14
9/14/2018,335.0,73.0,0.0,53.0,0.0,490.0,2018-09-14
9/14/2019,-161.0,35.0,0.0,39.0,0.0,39.0,2019-09-14
9/15/2017,148.0,243.0,0.0,54.0,0.0,0.0,2017-09-15
9/15/2018,97.0,23.0,0.0,140.0,0.0,151.0,2018-09-15
9/15/2019,61.0,34.0,0.0,57.0,0.0,293.0,2019-09-15
9/16/2017,-81.0,39.0,0.0,15.0,0.0,13.0,2017-09-16
9/16/2018,-163.0,7.0,0.0,0.0,0.0,73.0,2018-09-16
9/16/2019,82.0,28.0,0.0,51.0,0.0,270.0,2019-09-16
9/17/2017,124.0,0.0,89.0,31.0,0.0,110.0,2017-09-17
9/17/2018,821.0,3.0,0.0,0.0,0.0,844.0,2018-09-17
9/17/2019,604.0,76.0,0.0,404.0,0.0,747.0,2019-09-17
9/18/2017,347.0,98.0,65.0,209.0,80.0,221.0,2017-09-18
9/18/2018,3081.0,219.0,212.0,251.0,0.0,2431.0,2018-09-18
9/18/2019,1231.0,145.0,0.0,133.0,42.0,835.0,2019-09-18
9/19/2017,177.0,33.0,50.0,580.0,0.0,274.0,2017-09-19
9/19/2018,-208.0,119.0,0.0,83.0,0.0,12.0,2018-09-19
9/19/2019,861.0,169.0,0.0,80.0,0.0,402.0,2019-09-19
9/2/2017,-70.0,79.0,0.0,134.0,0.0,35.0,2017-09-02
9/2/2018,-329.0,0.0,0.0,47.0,0.0,0.0,2018-09-02
9/2/2019,3143.0,1104.0,489.0,1319.0,0.0,1657.0,2019-09-02
9/20/2017,-135.0,25.0,60.0,144.0,0.0,28.0,2017-09-20
9/20/2018,379.0,124.0,0.0,95.0,0.0,322.0,2018-09-20
9/20/2019,81.0,0.0,85.0,34.0,0.0,155.0,2019-09-20
9/21/2017,197.0,28.0,0.0,7.0,15.0,211.0,2017-09-21
9/21/2018,476.0,172.0,7.0,323.0,0.0,319.0,2018-09-21
9/21/2019,-219.0,45.0,0.0,0.0,0.0,0.0,2019-09-21
9/22/2017,263.0,102.0,0.0,216.0,0.0,155.0,2017-09-22
9/22/2018,-81.0,7.0,0.0,122.0,0.0,46.0,2018-09-22
9/22/2019,-149.0,6.0,0.0,257.0,0.0,56.0,2019-09-22
9/23/2017,115.0,12.0,0.0,17.0,0.0,278.0,2017-09-23
9/23/2018,-223.0,0.0,0.0,33.0,0.0,0.0,2018-09-23
9/23/2019,19.0,62.0,0.0,107.0,0.0,169.0,2019-09-23
9/24/2017,-131.0,26.0,1.0,0.0,0.0,40.0,2017-09-24
9/24/2018,-275.0,33.0,0.0,42.0,0.0,19.0,2018-09-24
9/24/2019,296.0,145.0,0.0,57.0,0.0,463.0,2019-09-24
9/25/2017,439.0,339.0,0.0,135.0,0.0,84.0,2017-09-25
9/25/2018,1642.0,1090.0,18.0,688.0,0.0,498.0,2018-09-25
9/25/2019,31.0,90.0,0.0,33.0,0.0,153.0,2019-09-25
9/26/2017,103.0,96.0,0.0,43.0,0.0,249.0,2017-09-26
9/26/2018,561.0,137.0,9.0,449.0,0.0,329.0,2018-09-26
9/26/2019,1229.0,184.0,0.0,411.0,0.0,1012.0,2019-09-26
9/27/2017,-242.0,18.0,0.0,42.0,0.0,0.0,2017-09-27
9/27/2018,136.0,82.0,0.0,118.0,0.0,210.0,2018-09-27
9/27/2019,114.0,220.0,0.0,211.0,0.0,49.0,2019-09-27
9/28/2017,52.0,26.0,0.0,4.0,0.0,238.0,2017-09-28
9/28/2018,451.0,28.0,10.0,228.0,0.0,441.0,2018-09-28
9/28/2019,294.0,206.0,0.0,179.0,0.0,177.0,2019-09-28
9/29/2017,-15.0,28.0,0.0,137.0,0.0,205.0,2017-09-29
9/29/2018,-154.0,24.0,0.0,51.0,0.0,0.0,2018-09-29
9/29/2019,467.0,194.0,0.0,146.0,0.0,243.0,2019-09-29
9/3/2017,-257.0,67.0,0.0,2.0,0.0,0.0,2017-09-03
9/3/2018,117.0,174.0,0.0,196.0,0.0,84.0,2018-09-03
9/3/2019,1115.0,479.0,0.0,147.0,0.0,674.0,2019-09-03
9/30/2017,-27.0,66.0,0.0,34.0,0.0,0.0,2017-09-30
9/30/2018,433.0,66.0,0.0,20.0,0.0,473.0,2018-09-30
9/30/2019,318.0,272.0,0.0,8.0,0.0,123.0,2019-09-30
9/4/2017,67.0,172.0,0.0,251.0,0.0,63.0,2017-09-04
9/4/2018,-253.0,21.0,0.0,53.0,0.0,0.0,2018-09-04
9/4/2019,785.0,251.0,0.0,214.0,0.0,677.0,2019-09-04
9/5/2017,2156.0,937.0,667.0,581.0,0.0,689.0,2017-09-05
9/5/2018,134.0,107.0,0.0,307.0,0.0,148.0,2018-09-05
9/5/2019,417.0,455.0,0.0,179.0,0.0,187.0,2019-09-05
9/6/2017,854.0,234.0,133.0,510.0,0.0,663.0,2017-09-06
9/6/2018,2287.0,1058.0,241.0,744.0,0.0,1084.0,2018-09-06
9/6/2019,23.0,41.0,0.0,234.0,0.0,190.0,2019-09-06
9/7/2017,315.0,341.0,0.0,329.0,0.0,124.0,2017-09-07
9/7/2018,754.0,153.0,0.0,1020.0,0.0,478.0,2018-09-07
9/7/2019,-265.0,0.0,0.0,0.0,0.0,19.0,2019-09-07
9/8/2017,-62.0,0.0,0.0,15.0,0.0,75.0,2017-09-08
9/8/2018,356.0,215.0,0.0,0.0,0.0,267.0,2018-09-08
9/8/2019,387.0,76.0,0.0,0.0,0.0,494.0,2019-09-08
9/9/2017,-144.0,0.0,0.0,0.0,0.0,0.0,2017-09-09
9/9/2018,-83.0,6.0,0.0,109.0,0.0,169.0,2018-09-09
9/9/2019,148.0,102.0,0.0,80.0,0.0,318.0,2019-09-09
